1.000000000000000000e+03
1.037528415818012718e+03
1.076465213629835034e+03
1.116863247780561096e+03
1.158777356155126199e+03
1.202264434617413144e+03
1.247383514242943193e+03
1.294195841449986347e+03
1.342764961137864248e+03
1.393156802945303525e+03
1.445439770745927945e+03
1.499684835502373971e+03
1.555965631605075032e+03
1.614358556826486847e+03
1.674942876026438171e+03
1.737800828749376251e+03
1.803017740859569813e+03
1.870682140365801615e+03
1.940885877592779252e+03
2.013724249862387524e+03
2.089296130854038893e+03
2.167704104819693839e+03
2.249054605835780421e+03
2.333458062281002185e+03
2.421029046736177406e+03
2.511886431509579779e+03
2.606153549998894960e+03
2.703958364108843398e+03
2.805433637951713081e+03
2.910717118066605053e+03
3.019951720402016235e+03
3.133285724315585412e+03
3.250872973854343854e+03
3.372873086588689148e+03
3.499451670283573094e+03
3.630780547701013802e+03
3.767037989839089278e+03
3.908408957924021252e+03
4.055085354483839183e+03
4.207266283844442114e+03
4.365158322401661280e+03
4.528975799036208628e+03
4.698941086052155697e+03
4.875284901033865026e+03
5.058246620031137354e+03
5.248074602497723390e+03
5.445026528424208664e+03
5.649369748123022873e+03
5.861381645140284490e+03
6.081350012787176638e+03
6.309573444801930236e+03
6.546361740672747146e+03
6.792036326171843029e+03
7.046930689671467007e+03
7.311390834834171983e+03
7.585775750291835720e+03
7.870457896950984832e+03
8.165823713585922633e+03
8.472274141405963746e+03
8.790225168308841603e+03
9.120108393559095930e+03
9.462371613657929629e+03
9.817479430199844501e+03
1.018591388054116942e+04
1.056817509213658559e+04
1.096478196143185050e+04
1.137627285823430975e+04
1.180320635651729754e+04
1.224616199265048999e+04
1.270574105208541914e+04
1.318256738556407436e+04
1.367728825595849412e+04
1.419057521689092573e+04
1.472312502432719339e+04
1.527566058238073128e+04
1.584893192461114086e+04
1.644371723214932354e+04
1.706082389003124263e+04
1.770108958317422002e+04
1.836538343348347553e+04
1.905460717963248317e+04
1.976969640111862100e+04
2.051162178825566662e+04
2.128139045982713287e+04
2.208004733018901243e+04
2.290867652767774780e+04
2.376840286624878354e+04
2.466039337234341292e+04
2.558585886905642474e+04
2.654605561975536330e+04
2.754228703338163177e+04
2.857590543374943809e+04
2.964831389524339102e+04
3.076096814740704940e+04
3.191537855100758316e+04
3.311311214825907518e+04
3.435579478998742707e+04
3.564511334262439050e+04
3.698281797802658548e+04
3.837072454922784527e+04
3.981071705534969078e+04
4.130475019901610358e+04
4.285485203974392061e+04
4.446312674691083521e+04
4.613175745603790710e+04
4.786300923226380110e+04
4.965923214503358031e+04
5.152286445817561616e+04
5.345643593969713402e+04
5.546257129579104367e+04
5.754399373371566617e+04
5.970352865838365688e+04
6.194410750767811987e+04
6.426877173170194146e+04
6.668067692136218830e+04
6.918309709189362184e+04
7.177942912713615806e+04
7.447319739059888525e+04
7.726805850957021175e+04
8.016780633876789943e+04
8.317637711026708712e+04
8.629785477669701504e+04
8.953647655495937215e+04
9.289663867799362924e+04
9.638290236239705700e+04
1.000000000000000000e+05
1.037528415818012581e+05
1.076465213629834907e+05
1.116863247780561214e+05
1.158777356155126181e+05
1.202264434617413062e+05
1.247383514242943202e+05
1.294195841449986328e+05
1.342764961137864157e+05
1.393156802945303498e+05
1.445439770745928108e+05
1.499684835502374044e+05
1.555965631605075032e+05
1.614358556826486893e+05
1.674942876026438025e+05
1.737800828749376233e+05
1.803017740859570040e+05
1.870682140365801461e+05
1.940885877592779289e+05
2.013724249862389406e+05
2.089296130854040966e+05
2.167704104819696222e+05
2.249054605835782713e+05
2.333458062281004386e+05
2.421029046736180026e+05
2.511886431509582035e+05
2.606153549998897652e+05
2.703958364108846290e+05
2.805433637951716082e+05
2.910717118066608091e+05
3.019951720402018982e+05
3.133285724315588595e+05
3.250872973854347365e+05
3.372873086588692386e+05
3.499451670283576823e+05
3.630780547701017349e+05
3.767037989839093061e+05
3.908408957924025017e+05
4.055085354483843548e+05
4.207266283844446298e+05
4.365158322401665500e+05
4.528975799036213430e+05
4.698941086052160827e+05
4.875284901033869828e+05
5.058246620031147613e+05
5.248074602497733431e+05
5.445026528424220160e+05
5.649369748123034369e+05
5.861381645140296314e+05
6.081350012787188170e+05
6.309573444801942678e+05
6.546361740672746673e+05
6.792036326171843102e+05
7.046930689671466826e+05
7.311390834834172856e+05
7.585775750291835284e+05
7.870457896950984141e+05
8.165823713585922960e+05
8.472274141405962873e+05
8.790225168308842694e+05
9.120108393559096148e+05
9.462371613657929702e+05
9.817479430199844064e+05
1.018591388054116978e+06
1.056817509213658515e+06
1.096478196143185021e+06
1.137627285823430866e+06
1.180320635651729768e+06
1.224616199265048839e+06
1.270574105208541965e+06
1.318256738556407392e+06
1.367728825595849426e+06
1.419057521689092508e+06
1.472312502432719339e+06
1.527566058238073252e+06
1.584893192461114144e+06
1.644371723214932252e+06
1.706082389003124321e+06
1.770108958317422075e+06
1.836538343348347349e+06
1.905460717963248258e+06
1.976969640111861983e+06
2.051162178825566778e+06
2.128139045982713345e+06
2.208004733018897008e+06
2.290867652767769992e+06
2.376840286624873523e+06
2.466039337234335952e+06
2.558585886905642692e+06
2.654605561975536402e+06
2.754228703338163439e+06
2.857590543374943547e+06
2.964831389524339233e+06
3.076096814740704838e+06
3.191537855100758374e+06
3.311311214825907722e+06
3.435579478998742998e+06
3.564511334262439050e+06
3.698281797802658752e+06
3.837072454922784586e+06
3.981071705534969456e+06
4.130475019901610445e+06
4.285485203974392265e+06
4.446312674691083841e+06
4.613175745603790507e+06
4.786300923226380721e+06
4.965923214503358118e+06
5.152286445817561820e+06
5.345643593969713897e+06
5.546257129579104483e+06
5.754399373371566646e+06
5.970352865838365629e+06
6.194410750767812133e+06
6.426877173170194030e+06
6.668067692136218771e+06
6.918309709189362824e+06
7.177942912713615224e+06
7.447319739059888758e+06
7.726805850957021117e+06
8.016780633876789361e+06
8.317637711026708595e+06
8.629785477669700980e+06
8.953647655495937914e+06
9.289663867799362168e+06
9.638290236239705235e+06
1.000000000000000000e+07
1.037528415818012692e+07
1.076465213629834913e+07
1.116863247780561261e+07
1.158777356155126169e+07
1.202264434617413022e+07
1.247383514242943190e+07
1.294195841449986398e+07
1.342764961137864180e+07
1.393156802945303544e+07
1.445439770745928027e+07
1.499684835502373986e+07
1.555965631605075113e+07
1.614358556826486997e+07
1.674942876026438177e+07
1.737800828749376163e+07
1.803017740859569982e+07
1.870682140365801752e+07
1.940885877592779323e+07
2.013724249862389639e+07
2.089296130854040757e+07
2.167704104819696397e+07
2.249054605835782737e+07
2.333458062281004339e+07
2.421029046736180037e+07
2.511886431509582326e+07
2.606153549998897687e+07
2.703958364108845964e+07
2.805433637951716036e+07
2.910717118066608161e+07
3.019951720402019098e+07
3.133285724315588921e+07
3.250872973854347318e+07
3.372873086588692665e+07
3.499451670283576846e+07
3.630780547701017559e+07
3.767037989839093387e+07
3.908408957924024761e+07
4.055085354483843595e+07
4.207266283844437450e+07
4.365158322401656210e+07
4.528975799036204070e+07
4.698941086052151024e+07
4.875284901033860445e+07
5.058246620031137764e+07
5.248074602497722954e+07
5.445026528424208611e+07
5.649369748123022169e+07
5.861381645140284300e+07
6.081350012787175924e+07
6.309573444801929593e+07
6.546361740672747046e+07
6.792036326171843708e+07
7.046930689671467245e+07
7.311390834834171832e+07
7.585775750291836262e+07
7.870457896950984001e+07
8.165823713585922122e+07
8.472274141405963898e+07
8.790225168308842182e+07
9.120108393559096754e+07
9.462371613657930493e+07
9.817479430199843645e+07
1.018591388054114878e+08
1.056817509213660657e+08
1.096478196143182814e+08
1.137627285823433250e+08
1.180320635651727468e+08
1.224616199265051484e+08
1.270574105208539367e+08
1.318256738556410074e+08
1.367728825595846772e+08
1.419057521689095497e+08
1.472312502432716489e+08
1.527566058238076270e+08
1.584893192461110950e+08
1.644371723214935660e+08
1.706082389003120959e+08
1.770108958317425549e+08
1.836538343348343670e+08
1.905460717963252068e+08
1.976969640111857951e+08
2.051162178825570941e+08
2.128139045982708931e+08
2.208004733018905818e+08
2.290867652767769992e+08
2.376840286624883115e+08
2.466039337234336138e+08
2.558585886905653179e+08
2.654605561975536346e+08
2.754228703338174820e+08
2.857590543374943733e+08
2.964831389524351358e+08
3.076096814740704894e+08
3.191537855100771189e+08
3.311311214825907946e+08
3.435579478998757005e+08
3.564511334262439013e+08
3.698281797802674174e+08
3.837072454922784567e+08
3.981071705534985662e+08
4.130475019901610613e+08
4.285485203974391818e+08
4.446312674691084027e+08
4.613175745603790879e+08
4.786300923226380348e+08
4.965923214503358006e+08
5.152286445817561746e+08
5.345643593969713449e+08
5.546257129579104185e+08
5.754399373371566534e+08
5.970352865838365555e+08
6.194410750767811537e+08
6.426877173170193434e+08
6.668067692136218548e+08
6.918309709189362526e+08
7.177942912713614702e+08
7.447319739059888124e+08
7.726805850957021713e+08
8.016780633876789808e+08
8.317637711026709080e+08
8.629785477669701576e+08
8.953647655495936871e+08
9.289663867799363136e+08
9.638290236239705086e+08
1.000000000000000000e+09
